0,5,6.022335,1,0
0,5,4.01489,1,1
0,5,2.007445,1,0
0,6,6.022677,1,0
0,6,4.015118,1,1
0,6,2.007559,1,0
0,7,6.019597,1,0
0,7,4.013065,1,1
0,7,2.006533,1,0
0,1,6.020179,1,0
0,1,4.013453,1,1
0,1,2.006727,1,0
1,2,6.021211,1,0
1,2,4.014141,1,1
1,2,2.007071,1,0
2,3,6.022092,1,0
2,3,4.014728,1,1
2,3,2.007364,1,0
4,5,6.02353,2,0
4,5,4.015687,2,1
4,5,2.007844,2,0
5,6,6.02398,1,0
5,6,4.015987,1,1
5,6,2.007994,1,0
7,7,6.021478,1,0
7,7,4.014319,1,1
7,7,2.00716,1,0
7,1,6.022135,1,0
7,1,4.014757,1,1
7,1,2.007379,1,0
8,2,6.022839,1,0
8,2,4.015226,1,1
8,2,2.007613,1,0
9,3,6.023427,1,0
9,3,4.015618,1,1
9,3,2.007809,1,0
10,4,6.024817,1,0
10,4,4.016545,1,1
10,4,2.008273,1,0
11,5,6.02535,1,0
11,5,4.0169,1,1
11,5,2.00845,1,0
12,6,6.025744,1,0
12,6,4.017163,1,1
12,6,2.008582,1,0
13,7,6.02263,1,0
13,7,4.015087,1,1
13,7,2.007544,1,0
14,1,6.023296,1,0
14,1,4.015531,1,1
14,1,2.007766,1,0
15,2,6.023883,1,0
15,2,4.015922,1,1
15,2,2.007961,1,0
16,3,6.02481,1,0
16,3,4.01654,1,1
16,3,2.00827,1,0
17,4,6.025572,1,0
17,4,4.017048,1,1
17,4,2.008524,1,0
18,5,6.02634,1,0
18,5,4.01756,1,1
18,5,2.00878,1,0
19,6,6.026709,1,0
19,6,4.017806,1,1
19,6,2.008903,1,0
20,7,6.024418,1,0
20,7,4.016279,1,1
20,7,2.00814,1,0
21,1,6.025315,1,0
21,1,4.016877,1,1
21,1,2.008439,1,0
22,2,6.026052,1,0
22,2,4.017368,1,1
22,2,2.008684,1,0
23,3,6.027135,1,0
23,3,4.01809,1,1
23,3,2.009045,1,0
24,4,6.028326,1,0
24,4,4.018884,1,1
24,4,2.009442,1,0
25,5,6.029038,1,0
25,5,4.019359,1,1
25,5,2.00968,1,0
26,6,6.029352,1,0
26,6,4.019568,1,1
26,6,2.009784,1,0
27,7,6.026574,1,0
27,7,4.017716,1,1
27,7,2.008858,1,0
28,1,6.026875,1,0
28,1,4.017917,1,1
28,1,2.008959,1,0
29,2,6.027622,1,0
29,2,4.018415,1,1
29,2,2.009208,1,0
30,3,6.028731,1,0
30,3,4.019154,1,1
30,3,2.009577,1,0
31,4,6.029476,1,0
31,4,4.019651,1,1
31,4,2.009826,1,0
32,5,6.03022,1,0
32,5,4.020147,1,1
32,5,2.010074,1,0
33,6,6.030568,1,0
33,6,4.020379,1,1
33,6,2.01019,1,0
34,7,6.02889,1,0
34,7,4.01926,1,1
34,7,2.00963,1,0
35,1,6.02949,1,0
35,1,4.01966,1,1
35,1,2.00983,1,0
36,2,6.030195,1,0
36,2,4.02013,1,1
36,2,2.010065,1,0
37,3,6.031284,1,0
37,3,4.020856,1,1
37,3,2.010428,1,0
38,4,6.031917,1,0
38,4,4.021278,1,1
38,4,2.010639,1,0
39,5,6.032517,1,0
39,5,4.021678,1,1
39,5,2.010839,1,0
40,6,6.032851,1,0
40,6,4.021901,1,1
40,6,2.010951,1,0
41,7,6.030855,1,0
41,7,4.02057,1,1
41,7,2.010285,1,0
42,1,6.03127,1,0
42,1,4.020847,1,1
42,1,2.010424,1,0
43,2,6.032065,1,0
43,2,4.021377,1,1
43,2,2.010689,1,0
44,3,6.032799,1,0
44,3,4.021866,1,1
44,3,2.010933,1,0
45,4,6.033505,1,0
45,4,4.022337,1,1
45,4,2.011169,1,0
46,5,6.034225,1,0
46,5,4.022817,1,1
46,5,2.011409,1,0
47,6,6.034852,1,0
47,6,4.023235,1,1
47,6,2.011618,1,0
48,7,6.03256,1,0
48,7,4.021707,1,1
48,7,2.010854,1,0
49,1,6.032719,1,0
49,1,4.021813,1,1
49,1,2.010907,1,0
50,2,6.033606,1,0
50,2,4.022404,1,1
50,2,2.011202,1,0
59,1,6.03571,6,0
59,1,4.023807,6,1
59,1,2.011904,6,0
59,2,6.036549,1,0
59,2,4.024366,1,1
59,2,2.012183,1,0
59,3,6.037341,1,0
59,3,4.024894,1,1
59,3,2.012447,1,0
59,4,6.038173,1,0
59,4,4.025449,1,1
59,4,2.012725,1,0
60,5,6.03886,1,0
60,5,4.025907,1,1
60,5,2.012954,1,0
61,6,6.039295,1,0
61,6,4.026197,1,1
61,6,2.013099,1,0
62,7,6.037912,1,0
62,7,4.025275,1,1
62,7,2.012638,1,0
63,1,6.03846,1,0
63,1,4.02564,1,1
63,1,2.01282,1,0
64,2,6.039429,1,0
64,2,4.026286,1,1
64,2,2.013143,1,0
65,3,6.040176,1,0
65,3,4.026784,1,1
65,3,2.013392,1,0
66,4,6.040836,1,0
66,4,4.027224,1,1
66,4,2.013612,1,0
67,5,6.041709,1,0
67,5,4.027806,1,1
67,5,2.013903,1,0
68,6,6.0421,1,0
68,6,4.028067,1,1
68,6,2.014034,1,0
69,7,6.040456,1,0
69,7,4.026971,1,1
69,7,2.013486,1,0
70,1,6.041004,1,0
70,1,4.027336,1,1
70,1,2.013668,1,0
71,2,6.041985,1,0
71,2,4.02799,1,1
71,2,2.013995,1,0
72,3,6.042795,1,0
72,3,4.02853,1,1
72,3,2.014265,1,0
73,4,6.043627,1,0
73,4,4.029085,1,1
73,4,2.014543,1,0
74,5,6.044145,1,0
74,5,4.02943,1,1
74,5,2.014715,1,0
75,6,6.04443,1,0
75,6,4.02962,1,1
75,6,2.01481,1,0
76,7,6.04206,1,0
76,7,4.02804,1,1
76,7,2.01402,1,0
77,1,6.042838,1,0
77,1,4.028559,1,1
77,1,2.01428,1,0
78,2,6.043782,1,0
78,2,4.029188,1,1
78,2,2.014594,1,0
79,3,6.044659,1,0
79,3,4.029773,1,1
79,3,2.014887,1,0
80,4,6.045529,1,0
80,4,4.030353,1,1
80,4,2.015177,1,0
81,5,6.04615,1,0
81,5,4.030767,1,1
81,5,2.015384,1,0
82,6,6.046521,1,0
82,6,4.031014,1,1
82,6,2.015507,1,0
83,7,6.044632,1,0
83,7,4.029755,1,1
83,7,2.014878,1,0
84,1,6.045442,1,0
84,1,4.030295,1,1
84,1,2.015148,1,0
85,2,6.046597,1,0
85,2,4.031065,1,1
85,2,2.015533,1,0
86,3,6.047541,1,0
86,3,4.031694,1,1
86,3,2.015847,1,0
87,4,6.04822,1,0
87,4,4.032147,1,1
87,4,2.016074,1,0
88,5,6.048999,1,0
88,5,4.032666,1,1
88,5,2.016333,1,0
89,6,6.049452,1,0
89,6,4.032968,1,1
89,6,2.016484,1,0
90,7,6.047394,1,0
90,7,4.031596,1,1
90,7,2.015798,1,0
91,1,6.048031,1,0
91,1,4.032021,1,1
91,1,2.016011,1,0
92,2,6.048834,1,0
92,2,4.032556,1,1
92,2,2.016278,1,0
93,3,6.049807,1,0
93,3,4.033205,1,1
93,3,2.016603,1,0
94,4,6.050701,1,0
94,4,4.033801,1,1
94,4,2.016901,1,0
95,5,6.051325,1,0
95,5,4.034217,1,1
95,5,2.017109,1,0
96,6,6.051703,1,0
96,6,4.034469,1,1
96,6,2.017235,1,0
97,7,6.05025,1,0
97,7,4.0335,1,1
97,7,2.01675,1,0
98,1,6.050655,1,0
98,1,4.03377,1,1
98,1,2.016885,1,0
99,2,6.051361,1,0
99,2,4.034241,1,1
99,2,2.017121,1,0
100,3,6.052162,1,0
100,3,4.034775,1,1
100,3,2.017388,1,0
101,4,6.052926,1,0
101,4,4.035284,1,1
101,4,2.017642,1,0
102,5,6.053971,1,0
102,5,4.035981,1,1
102,5,2.017991,1,0
103,6,6.054336,1,0
103,6,4.036224,1,1
103,6,2.018112,1,0
104,7,6.052638,1,0
104,7,4.035092,1,1
104,7,2.017546,1,0
105,1,6.053227,1,0
105,1,4.035485,1,1
105,1,2.017743,1,0
106,2,6.053836,1,0
106,2,4.035891,1,1
106,2,2.017946,1,0
107,3,6.054493,1,0
107,3,4.036329,1,1
107,3,2.018165,1,0
108,4,6.055525,1,0
108,4,4.037017,1,1
108,4,2.018509,1,0
109,5,6.056239,1,0
109,5,4.037493,1,1
109,5,2.018747,1,0
110,6,6.056656,1,0
110,6,4.037771,1,1
110,6,2.018886,1,0
111,7,6.055321,1,0
111,7,4.036881,1,1
111,7,2.018441,1,0
119,2,6.056751,2,0
119,2,4.037834,2,1
119,2,2.018917,2,0
119,3,6.05755,1,0
119,3,4.038367,1,1
119,3,2.019184,1,0
119,4,6.058164,1,0
119,4,4.038776,1,1
119,4,2.019388,1,0
119,5,6.059982,1,0
119,5,4.039988,1,1
119,5,2.019994,1,0
119,6,6.060436,1,0
119,6,4.040291,1,1
119,6,2.020146,1,0
119,7,6.058192,1,0
119,7,4.038795,1,1
119,7,2.019398,1,0
119,1,6.058879,1,0
119,1,4.039253,1,1
119,1,2.019627,1,0
120,2,6.059596,1,0
120,2,4.039731,1,1
120,2,2.019866,1,0
121,3,6.060378,1,0
121,3,4.040252,1,1
121,3,2.020126,1,0
122,4,6.061248,1,0
122,4,4.040832,1,1
122,4,2.020416,1,0
123,5,6.062692,1,0
123,5,4.041795,1,1
123,5,2.020898,1,0
124,6,6.063133,1,0
124,6,4.042089,1,1
124,6,2.021045,1,0
125,7,6.0609,1,0
125,7,4.0406,1,1
125,7,2.0203,1,0
126,1,6.061458,1,0
126,1,4.040972,1,1
126,1,2.020486,1,0
127,2,6.062328,1,0
127,2,4.041552,1,1
127,2,2.020776,1,0
128,3,6.063181,1,0
128,3,4.042121,1,1
128,3,2.021061,1,0
129,4,6.063909,1,0
129,4,4.042606,1,1
129,4,2.021303,1,0
130,5,6.06462,1,0
130,5,4.04308,1,1
130,5,2.02154,1,0
131,6,6.064999,1,0
131,6,4.043333,1,1
131,6,2.021667,1,0
132,7,6.063523,1,0
132,7,4.042349,1,1
132,7,2.021175,1,0
134,1,6.063979,1,0
134,1,4.042653,1,1
134,1,2.021327,1,0
135,2,6.06462,1,0
135,2,4.04308,1,1
135,2,2.02154,1,0
136,3,6.065437,1,0
136,3,4.043625,1,1
136,3,2.021813,1,0
136,4,6.066178,1,0
136,4,4.044119,1,1
136,4,2.02206,1,0
137,5,6.066996,1,0
137,5,4.044664,1,1
137,5,2.022332,1,0
138,6,6.067488,1,0
138,6,4.044992,1,1
138,6,2.022496,1,0
139,7,6.065637,1,0
139,7,4.043758,1,1
139,7,2.021879,1,0
140,1,6.066238,1,0
140,1,4.044159,1,1
140,1,2.02208,1,0
141,2,6.067116,1,0
141,2,4.044744,1,1
141,2,2.022372,1,0
142,3,6.067926,1,0
142,3,4.045284,1,1
142,3,2.022642,1,0
143,4,6.0688,1,0
143,4,4.045867,1,1
143,4,2.022934,1,0
144,5,6.069909,1,0
144,5,4.046606,1,1
144,5,2.023303,1,0
145,6,6.070276,1,0
145,6,4.046851,1,1
145,6,2.023426,1,0
146,7,6.068487,1,0
146,7,4.045658,1,1
146,7,2.022829,1,0
147,1,6.069154,1,0
147,1,4.046103,1,1
147,1,2.023052,1,0
148,2,6.070197,1,0
148,2,4.046798,1,1
148,2,2.023399,1,0
149,3,6.07098,1,0
149,3,4.04732,1,1
149,3,2.02366,1,0
150,4,6.071926,1,0
150,4,4.047951,1,1
150,4,2.023976,1,0
151,5,6.072736,1,0
151,5,4.048491,1,1
151,5,2.024246,1,0
152,6,6.073072,1,0
152,6,4.048715,1,1
152,6,2.024358,1,0
153,7,6.071257,1,0
153,7,4.047505,1,1
153,7,2.023753,1,0
156,1,6.071866,1,0
156,1,4.047911,1,1
156,1,2.023956,1,0
156,2,6.072717,1,0
156,2,4.048478,1,1
156,2,2.024239,1,0
157,3,6.073497,1,0
157,3,4.048998,1,1
157,3,2.024499,1,0
157,4,6.074515,1,0
157,4,4.049677,1,1
157,4,2.024839,1,0
158,5,6.0757,1,0
158,5,4.050467,1,1
158,5,2.025234,1,0
159,6,6.075958,1,0
159,6,4.050639,1,1
159,6,2.02532,1,0
160,7,6.074409,1,0
160,7,4.049606,1,1
160,7,2.024803,1,0
161,1,6.074881,1,0
161,1,4.049921,1,1
161,1,2.024961,1,0
162,2,6.075859,1,0
162,2,4.050573,1,1
162,2,2.025287,1,0
163,3,6.076632,1,0
163,3,4.051088,1,1
163,3,2.025544,1,0
164,4,6.077583,1,0
164,4,4.051722,1,1
164,4,2.025861,1,0
165,5,6.078282,1,0
165,5,4.052188,1,1
165,5,2.026094,1,0
166,6,6.078484,1,0
166,6,4.052323,1,1
166,6,2.026162,1,0
167,7,6.076671,1,0
167,7,4.051114,1,1
167,7,2.025557,1,0
168,1,6.077184,1,0
168,1,4.051456,1,1
168,1,2.025728,1,0
169,2,6.078442,1,0
169,2,4.052295,1,1
169,2,2.026148,1,0
175,4,6.079561,2,0
175,4,4.053041,2,1
175,4,2.026521,2,0
175,5,6.080247,1,0
175,5,4.053498,1,1
175,5,2.026749,1,0
175,6,6.080668,1,0
175,6,4.053779,1,1
175,6,2.02689,1,0
175,7,6.079174,1,0
175,7,4.052783,1,1
175,7,2.026392,1,0
175,1,6.079627,1,0
175,1,4.053085,1,1
175,1,2.026543,1,0
176,2,6.080604,1,0
176,2,4.053736,1,1
176,2,2.026868,1,0
177,3,6.081432,1,0
177,3,4.054288,1,1
177,3,2.027144,1,0
178,4,6.081684,1,0
178,4,4.054456,1,1
178,4,2.027228,1,0
179,5,6.082363,1,0
179,5,4.054909,1,1
179,5,2.027455,1,0
180,6,6.082677,1,0
180,6,4.055118,1,1
180,6,2.027559,1,0
181,7,6.079789,1,0
181,7,4.053193,1,1
181,7,2.026597,1,0
182,1,6.080221,1,0
182,1,4.053481,1,1
182,1,2.026741,1,0
183,2,6.081064,1,0
183,2,4.054043,1,1
183,2,2.027022,1,0
184,3,6.082515,1,0
184,3,4.05501,1,1
184,3,2.027505,1,0
185,4,6.083674,1,0
185,4,4.055783,1,1
185,4,2.027892,1,0
186,5,6.084789,1,0
186,5,4.056526,1,1
186,5,2.028263,1,0
187,6,6.085156,1,0
187,6,4.056771,1,1
187,6,2.028386,1,0
188,7,6.082267,1,0
188,7,4.054845,1,1
188,7,2.027423,1,0
189,1,6.082633,1,0
189,1,4.055089,1,1
189,1,2.027545,1,0
190,2,6.083542,1,0
190,2,4.055695,1,1
190,2,2.027848,1,0
191,3,6.084622,1,0
191,3,4.056415,1,1
191,3,2.028208,1,0
192,4,6.085651,1,0
192,4,4.057101,1,1
192,4,2.028551,1,0
193,5,6.086617,1,0
193,5,4.057745,1,1
193,5,2.028873,1,0
194,6,6.086953,1,0
194,6,4.057969,1,1
194,6,2.028985,1,0
197,1,6.083496,2,0
197,1,4.055664,2,1
197,1,2.027832,2,0
197,2,6.084375,1,0
197,2,4.05625,1,1
197,2,2.028125,1,0
198,3,6.08511,1,0
198,3,4.05674,1,1
198,3,2.02837,1,0
199,4,6.086109,1,0
199,4,4.057406,1,1
199,4,2.028703,1,0
200,5,6.087075,1,0
200,5,4.05805,1,1
200,5,2.029025,1,0
201,6,6.087345,1,0
201,6,4.05823,1,1
201,6,2.029115,1,0
202,7,6.08517,1,0
202,7,4.05678,1,1
202,7,2.02839,1,0
203,1,6.08551,1,0
203,1,4.057007,1,1
203,1,2.028504,1,0
204,2,6.086556,1,0
204,2,4.057704,1,1
204,2,2.028852,1,0
205,3,6.087453,1,0
205,3,4.058302,1,1
205,3,2.029151,1,0
206,4,6.088473,1,0
206,4,4.058982,1,1
206,4,2.029491,1,0
207,5,6.089956,1,0
207,5,4.059971,1,1
207,5,2.029986,1,0
208,6,6.090478,1,0
208,6,4.060319,1,1
208,6,2.03016,1,0
209,7,6.088407,1,0
209,7,4.058938,1,1
209,7,2.029469,1,0
210,1,6.088276,1,0
210,1,4.058851,1,1
210,1,2.029426,1,0
211,2,6.089089,1,0
211,2,4.059393,1,1
211,2,2.029697,1,0
213,3,6.090016,1,0
213,3,4.060011,1,1
213,3,2.030006,1,0
213,4,6.091413,1,0
213,4,4.060942,1,1
213,4,2.030471,1,0
214,5,6.092361,1,0
214,5,4.061574,1,1
214,5,2.030787,1,0
215,6,6.092791,1,0
215,6,4.061861,1,1
215,6,2.030931,1,0
216,7,6.090301,1,0
216,7,4.060201,1,1
216,7,2.030101,1,0
218,1,6.090991,1,0
218,1,4.060661,1,1
218,1,2.030331,1,0
219,2,6.092217,1,0
219,2,4.061478,1,1
219,2,2.030739,1,0
220,3,6.093237,1,0
220,3,4.062158,1,1
220,3,2.031079,1,0
220,4,6.094239,1,0
220,4,4.062826,1,1
220,4,2.031413,1,0
221,5,6.095134,1,0
221,5,4.063423,1,1
221,5,2.031712,1,0
222,6,6.095473,1,0
222,6,4.063649,1,1
222,6,2.031825,1,0
223,7,6.093541,1,0
223,7,4.062361,1,1
223,7,2.031181,1,0
225,1,6.094198,1,0
225,1,4.062799,1,1
225,1,2.0314,1,0
226,2,6.095227,1,0
226,2,4.063485,1,1
226,2,2.031743,1,0
227,3,6.096217,1,0
227,3,4.064145,1,1
227,3,2.032073,1,0
228,4,6.096897,1,0
228,4,4.064598,1,1
228,4,2.032299,1,0
228,5,6.098185,1,0
228,5,4.065457,1,1
228,5,2.032729,1,0
230,6,6.09844,1,0
230,6,4.065627,1,1
230,6,2.032814,1,0
231,7,6.096306,1,0
231,7,4.064204,1,1
231,7,2.032102,1,0
232,1,6.097135,1,0
232,1,4.064757,1,1
232,1,2.032379,1,0
233,2,6.098272,1,0
233,2,4.065515,1,1
233,2,2.032758,1,0
233,3,6.099121,1,0
233,3,4.066081,1,1
233,3,2.033041,1,0
234,4,6.100414,1,0
234,4,4.066943,1,1
234,4,2.033472,1,0
235,5,6.101686,1,0
235,5,4.067791,1,1
235,5,2.033896,1,0
236,6,6.102232,1,0
236,6,4.068155,1,1
236,6,2.034078,1,0
237,7,6.100468,1,0
237,7,4.066979,1,1
237,7,2.03349,1,0
239,1,6.101073,1,0
239,1,4.067382,1,1
239,1,2.033691,1,0
240,2,6.102036,1,0
240,2,4.068024,1,1
240,2,2.034012,1,0
240,3,6.102897,1,0
240,3,4.068598,1,1
240,3,2.034299,1,0
241,4,6.103725,1,0
241,4,4.06915,1,1
241,4,2.034575,1,0
242,5,6.104578,1,0
242,5,4.069719,1,1
242,5,2.03486,1,0
243,6,6.104961,1,0
243,6,4.069974,1,1
243,6,2.034987,1,0
244,7,6.103357,1,0
244,7,4.068905,1,1
244,7,2.034453,1,0
245,1,6.103785,1,0
245,1,4.06919,1,1
245,1,2.034595,1,0
246,2,6.105156,1,0
246,2,4.070104,1,1
246,2,2.035052,1,0
247,3,6.106113,1,0
247,3,4.070742,1,1
247,3,2.035371,1,0
248,4,6.107059,1,0
248,4,4.071373,1,1
248,4,2.035687,1,0
249,5,6.107992,1,0
249,5,4.071995,1,1
249,5,2.035998,1,0
250,6,6.108313,1,0
250,6,4.072209,1,1
250,6,2.036105,1,0
251,7,6.106491,1,0
251,7,4.070994,1,1
251,7,2.035497,1,0
252,1,6.107527,1,0
252,1,4.071685,1,1
252,1,2.035843,1,0
253,2,6.108639,1,0
253,2,4.072426,1,1
253,2,2.036213,1,0
254,3,6.109791,1,0
254,3,4.073194,1,1
254,3,2.036597,1,0
255,4,6.111036,1,0
255,4,4.074024,1,1
255,4,2.037012,1,0
256,5,6.111711,1,0
256,5,4.074474,1,1
256,5,2.037237,1,0
257,6,6.111894,1,0
257,6,4.074596,1,1
257,6,2.037298,1,0
258,7,6.109387,1,0
258,7,4.072925,1,1
258,7,2.036463,1,0
259,1,6.11038,1,0
259,1,4.073587,1,1
259,1,2.036794,1,0
260,2,6.111256,1,0
260,2,4.074171,1,1
260,2,2.037086,1,0
261,3,6.112819,1,0
261,3,4.075213,1,1
261,3,2.037607,1,0
262,4,6.114256,1,0
262,4,4.076171,1,1
262,4,2.038086,1,0
263,5,6.11518,1,0
263,5,4.076787,1,1
263,5,2.038394,1,0
264,6,6.115446,1,0
264,6,4.076964,1,1
264,6,2.038482,1,0
265,7,6.113445,1,0
265,7,4.07563,1,1
265,7,2.037815,1,0
266,1,6.114345,1,0
266,1,4.07623,1,1
266,1,2.038115,1,0
267,2,6.115612,1,0
267,2,4.077075,1,1
267,2,2.038538,1,0
268,3,6.116344,1,0
268,3,4.077563,1,1
268,3,2.038782,1,0
269,4,6.117294,1,0
269,4,4.078196,1,1
269,4,2.039098,1,0
270,5,6.117862,1,0
270,5,4.078575,1,1
270,5,2.039288,1,0
271,6,6.118306,1,0
271,6,4.078871,1,1
271,6,2.039436,1,0
273,1,6.108648,1,0
273,1,4.072432,1,1
273,1,2.036216,1,0
274,2,6.109297,1,0
274,2,4.072865,1,1
274,2,2.036433,1,0
275,3,6.110128,1,0
275,3,4.073419,1,1
275,3,2.03671,1,0
276,4,6.111357,1,0
276,4,4.074238,1,1
276,4,2.037119,1,0
277,5,6.112243,1,0
277,5,4.074829,1,1
277,5,2.037415,1,0
278,6,6.112566,1,0
278,6,4.075044,1,1
278,6,2.037522,1,0
279,7,6.110437,1,0
279,7,4.073625,1,1
279,7,2.036813,1,0
280,1,6.111339,1,0
280,1,4.074226,1,1
280,1,2.037113,1,0
281,2,6.112203,1,0
281,2,4.074802,1,1
281,2,2.037401,1,0
282,3,6.113061,1,0
282,3,4.075374,1,1
282,3,2.037687,1,0
283,4,6.114108,1,0
283,4,4.076072,1,1
283,4,2.038036,1,0
284,5,6.114789,1,0
284,5,4.076526,1,1
284,5,2.038263,1,0
285,6,6.115053,1,0
285,6,4.076702,1,1
285,6,2.038351,1,0
286,7,6.113638,1,0
286,7,4.075759,1,1
286,7,2.03788,1,0
287,1,6.113919,1,0
287,1,4.075946,1,1
287,1,2.037973,1,0
288,2,6.114598,1,0
288,2,4.076399,1,1
288,2,2.0382,1,0
289,3,6.115723,1,0
289,3,4.077149,1,1
289,3,2.038575,1,0
290,4,6.116479,1,0
290,4,4.077653,1,1
290,4,2.038827,1,0
291,5,6.117325,1,0
291,5,4.078217,1,1
291,5,2.039109,1,0
292,6,6.117601,1,0
292,6,4.078401,1,1
292,6,2.039201,1,0
293,7,6.115431,1,0
293,7,4.076954,1,1
293,7,2.038477,1,0
294,1,6.116316,1,0
294,1,4.077544,1,1
294,1,2.038772,1,0
295,2,6.117558,1,0
295,2,4.078372,1,1
295,2,2.039186,1,0
296,3,6.118428,1,0
296,3,4.078952,1,1
296,3,2.039476,1,0
297,4,6.119782,1,0
297,4,4.079855,1,1
297,4,2.039928,1,0
299,5,6.120403,1,0
299,5,4.080269,1,1
299,5,2.040135,1,0
299,6,6.120666,1,0
299,6,4.080444,1,1
299,6,2.040222,1,0
300,7,6.118255,1,0
300,7,4.078837,1,1
300,7,2.039419,1,0
301,1,6.118881,1,0
301,1,4.079254,1,1
301,1,2.039627,1,0
302,2,6.120121,1,0
302,2,4.080081,1,1
302,2,2.040041,1,0
303,3,6.12103,1,0
303,3,4.080687,1,1
303,3,2.040344,1,0
304,4,6.122053,1,0
304,4,4.081369,1,1
304,4,2.040685,1,0
305,5,6.122979,1,0
305,5,4.081986,1,1
305,5,2.040993,1,0
306,6,6.123282,1,0
306,6,4.082188,1,1
306,6,2.041094,1,0
307,7,6.121851,1,0
307,7,4.081234,1,1
307,7,2.040617,1,0
308,1,6.122694,1,0
308,1,4.081796,1,1
308,1,2.040898,1,0
309,2,6.123489,1,0
309,2,4.082326,1,1
309,2,2.041163,1,0
310,3,6.1243,1,0
310,3,4.082867,1,1
310,3,2.041434,1,0
311,4,6.125185,1,0
311,4,4.083457,1,1
311,4,2.041729,1,0
313,5,6.125803,1,0
313,5,4.083869,1,1
313,5,2.041935,1,0
313,6,6.126105,1,0
313,6,4.08407,1,1
313,6,2.042035,1,0
314,7,6.123963,1,0
314,7,4.082642,1,1
314,7,2.041321,1,0
318,3,6.126163,3,0
318,3,4.084109,3,1
318,3,2.042055,3,0
324,2,6.127971,6,0
324,2,4.085314,6,1
324,2,2.042657,6,0
324,3,6.129142,1,0
324,3,4.086095,1,1
324,3,2.043048,1,0
325,4,6.130002,1,0
325,4,4.086668,1,1
325,4,2.043334,1,0
326,5,6.131082,1,0
326,5,4.087388,1,1
326,5,2.043694,1,0
327,6,6.131599,1,0
327,6,4.087733,1,1
327,6,2.043867,1,0
328,7,6.12964,1,0
328,7,4.086427,1,1
328,7,2.043214,1,0
329,1,6.130617,1,0
329,1,4.087078,1,1
329,1,2.043539,1,0
330,2,6.131598,1,0
330,2,4.087732,1,1
330,2,2.043866,1,0
331,3,6.132649,1,0
331,3,4.088433,1,1
331,3,2.044217,1,0
333,4,6.133543,1,0
333,4,4.089029,1,1
333,4,2.044515,1,0
333,5,6.134575,1,0
333,5,4.089717,1,1
333,5,2.044859,1,0
334,6,6.134923,1,0
334,6,4.089949,1,1
334,6,2.044975,1,0
335,7,6.132414,1,0
335,7,4.088276,1,1
335,7,2.044138,1,0
336,1,6.133482,1,0
336,1,4.088988,1,1
336,1,2.044494,1,0
337,2,6.13423,1,0
337,2,4.089487,1,1
337,2,2.044744,1,0
338,3,6.13522,1,0
338,3,4.090147,1,1
338,3,2.045074,1,0
339,4,6.135871,1,0
339,4,4.090581,1,1
339,4,2.045291,1,0
340,5,6.136669,1,0
340,5,4.091113,1,1
340,5,2.045557,1,0
341,6,6.136972,1,0
341,6,4.091315,1,1
341,6,2.045658,1,0
342,7,6.135081,1,0
342,7,4.090054,1,1
342,7,2.045027,1,0
343,1,6.13627,1,0
343,1,4.090847,1,1
343,1,2.045424,1,0
344,2,6.137241,1,0
344,2,4.091494,1,1
344,2,2.045747,1,0
345,3,6.137904,1,0
345,3,4.091936,1,1
345,3,2.045968,1,0
346,4,6.138747,1,0
346,4,4.092498,1,1
346,4,2.046249,1,0
347,5,6.139827,1,0
347,5,4.093218,1,1
347,5,2.046609,1,0
348,6,6.140013,1,0
348,6,4.093342,1,1
348,6,2.046671,1,0
349,7,6.137922,1,0
349,7,4.091948,1,1
349,7,2.045974,1,0
350,1,6.138832,1,0
350,1,4.092555,1,1
350,1,2.046278,1,0
351,2,6.139371,1,0
351,2,4.092914,1,1
351,2,2.046457,1,0
352,3,6.140047,1,0
352,3,4.093365,1,1
352,3,2.046683,1,0
353,4,6.140988,1,0
353,4,4.093992,1,1
353,4,2.046996,1,0
354,5,6.141853,1,0
354,5,4.094569,1,1
354,5,2.047285,1,0
355,6,6.142231,1,0
355,6,4.094821,1,1
355,6,2.047411,1,0
356,7,6.139645,1,0
356,7,4.093097,1,1
356,7,2.046549,1,0
357,1,6.140802,1,0
357,1,4.093868,1,1
357,1,2.046934,1,0
358,2,6.141805,1,0
358,2,4.094537,1,1
358,2,2.047269,1,0
359,3,6.142326,1,0
359,3,4.094884,1,1
359,3,2.047442,1,0
360,4,6.143082,1,0
360,4,4.095388,1,1
360,4,2.047694,1,0
361,5,6.14374,1,0
361,5,4.095827,1,1
361,5,2.047914,1,0
362,6,6.144004,1,0
362,6,4.096003,1,1
362,6,2.048002,1,0
363,7,6.141679,1,0
363,7,4.094453,1,1
363,7,2.047227,1,0
364,1,6.142618,1,0
364,1,4.095079,1,1
364,1,2.04754,1,0
365,2,6.143506,1,0
365,2,4.095671,1,1
365,2,2.047836,1,0
367,4,6.145006,2,0
367,4,4.096671,2,1
367,4,2.048336,2,0
368,5,6.145953,1,0
368,5,4.097302,1,1
368,5,2.048651,1,0
369,6,6.146244,1,0
369,6,4.097496,1,1
369,6,2.048748,1,0
370,7,6.143229,1,0
370,7,4.095486,1,1
370,7,2.047743,1,0
371,1,6.143865,1,0
371,1,4.09591,1,1
371,1,2.047955,1,0
372,2,6.144832,1,0
372,2,4.096555,1,1
372,2,2.048278,1,0
373,3,6.145555,1,0
373,3,4.097037,1,1
373,3,2.048519,1,0
374,4,6.146203,1,0
374,4,4.097469,1,1
374,4,2.048735,1,0
375,5,6.146865,1,0
375,5,4.09791,1,1
375,5,2.048955,1,0
376,6,6.147199,1,0
376,6,4.098133,1,1
376,6,2.049067,1,0
377,7,6.145363,1,0
377,7,4.096909,1,1
377,7,2.048455,1,0
378,1,6.145041,1,0
378,1,4.096694,1,1
378,1,2.048347,1,0
379,2,6.145792,1,0
379,2,4.097195,1,1
379,2,2.048598,1,0
380,3,6.146443,1,0
380,3,4.097629,1,1
380,3,2.048815,1,0
381,4,6.147471,1,0
381,4,4.098314,1,1
381,4,2.049157,1,0
382,5,6.148108,1,0
382,5,4.098739,1,1
382,5,2.04937,1,0
383,6,6.148512,1,0
383,6,4.099008,1,1
383,6,2.049504,1,0
384,7,6.147195,1,0
384,7,4.09813,1,1
384,7,2.049065,1,0
385,1,6.146373,1,0
385,1,4.097582,1,1
385,1,2.048791,1,0
386,2,6.147027,1,0
386,2,4.098018,1,1
386,2,2.049009,1,0
387,3,6.147802,1,0
387,3,4.098535,1,1
387,3,2.049268,1,0
388,4,6.148423,1,0
388,4,4.098949,1,1
388,4,2.049475,1,0
389,5,6.149658,1,0
389,5,4.099772,1,1
389,5,2.049886,1,0
390,6,6.149983,1,0
390,6,4.099989,1,1
390,6,2.049995,1,0
391,7,6.146448,1,0
391,7,4.097632,1,1
391,7,2.048816,1,0
392,1,6.146844,1,0
392,1,4.097896,1,1
392,1,2.048948,1,0
393,2,6.147462,1,0
393,2,4.098308,1,1
393,2,2.049154,1,0
394,3,6.148086,1,0
394,3,4.098724,1,1
394,3,2.049362,1,0
395,4,6.14886,1,0
395,4,4.09924,1,1
395,4,2.04962,1,0
396,5,6.149698,1,0
396,5,4.099799,1,1
396,5,2.0499,1,0
397,6,6.150168,1,0
397,6,4.100112,1,1
397,6,2.050056,1,0
398,7,6.148066,1,0
398,7,4.098711,1,1
398,7,2.049356,1,0
399,1,6.149031,1,0
399,1,4.099354,1,1
399,1,2.049677,1,0
400,2,6.149787,1,0
400,2,4.099858,1,1
400,2,2.049929,1,0
401,3,6.150649,1,0
401,3,4.100433,1,1
401,3,2.050217,1,0
402,4,6.151618,1,0
402,4,4.101079,1,1
402,4,2.05054,1,0
403,5,6.152413,1,0
403,5,4.101609,1,1
403,5,2.050805,1,0
405,6,6.152709,1,0
405,6,4.101806,1,1
405,6,2.050903,1,0
405,7,6.150607,1,0
405,7,4.100405,1,1
405,7,2.050203,1,0
406,1,6.151345,1,0
406,1,4.100897,1,1
406,1,2.050449,1,0
407,2,6.151864,1,0
407,2,4.101243,1,1
407,2,2.050622,1,0
408,3,6.152703,1,0
408,3,4.101802,1,1
408,3,2.050901,1,0
409,4,6.153279,1,0
409,4,4.102186,1,1
409,4,2.051093,1,0
410,5,6.153841,1,0
410,5,4.102561,1,1
410,5,2.051281,1,0
411,6,6.154,1,0
411,6,4.102667,1,1
411,6,2.051334,1,0
413,1,6.153183,2,0
413,1,4.102122,2,1
413,1,2.051061,2,0
414,2,6.15387,1,0
414,2,4.10258,1,1
414,2,2.05129,1,0
415,3,6.154843,1,0
415,3,4.103229,1,1
415,3,2.051615,1,0
416,4,6.155688,1,0
416,4,4.103792,1,1
416,4,2.051896,1,0
417,5,6.156657,1,0
417,5,4.104438,1,1
417,5,2.052219,1,0
418,6,6.156943,1,0
418,6,4.104629,1,1
418,6,2.052315,1,0
419,7,6.154824,1,0
419,7,4.103216,1,1
419,7,2.051608,1,0
420,1,6.155704,1,0
420,1,4.103803,1,1
420,1,2.051902,1,0
421,2,6.15637,1,0
421,2,4.104247,1,1
421,2,2.052124,1,0
422,3,6.157215,1,0
422,3,4.10481,1,1
422,3,2.052405,1,0
423,4,6.157812,1,0
423,4,4.105208,1,1
423,4,2.052604,1,0
424,5,6.158413,1,0
424,5,4.105609,1,1
424,5,2.052805,1,0
425,6,6.1587,1,0
425,6,4.1058,1,1
425,6,2.0529,1,0
426,7,6.156769,1,0
426,7,4.104513,1,1
426,7,2.052257,1,0
427,1,6.157213,1,0
427,1,4.104809,1,1
427,1,2.052405,1,0
428,2,6.157828,1,0
428,2,4.105219,1,1
428,2,2.05261,1,0
429,3,6.158901,1,0
429,3,4.105934,1,1
429,3,2.052967,1,0
430,4,6.159685,1,0
430,4,4.106457,1,1
430,4,2.053229,1,0
431,5,6.160333,1,0
431,5,4.106889,1,1
431,5,2.053445,1,0
432,6,6.160692,1,0
432,6,4.107128,1,1
432,6,2.053564,1,0
433,7,6.158919,1,0
433,7,4.105946,1,1
433,7,2.052973,1,0
434,1,6.159619,1,0
434,1,4.106413,1,1
434,1,2.053207,1,0
435,2,6.160576,1,0
435,2,4.107051,1,1
435,2,2.053526,1,0
436,3,6.161416,1,0
436,3,4.107611,1,1
436,3,2.053806,1,0
437,4,6.162108,1,0
437,4,4.108072,1,1
437,4,2.054036,1,0
438,5,6.162906,1,0
438,5,4.108604,1,1
438,5,2.054302,1,0
439,6,6.163287,1,0
439,6,4.108858,1,1
439,6,2.054429,1,0
440,7,6.161593,1,0
440,7,4.107729,1,1
440,7,2.053865,1,0
441,1,6.162175,1,0
441,1,4.108117,1,1
441,1,2.054059,1,0
442,2,6.163092,1,0
442,2,4.108728,1,1
442,2,2.054364,1,0
443,3,6.163791,1,0
443,3,4.109194,1,1
443,3,2.054597,1,0
444,4,6.164989,1,0
444,4,4.109993,1,1
444,4,2.054997,1,0
445,5,6.165735,1,0
445,5,4.11049,1,1
445,5,2.055245,1,0
446,6,6.165969,1,0
446,6,4.110646,1,1
446,6,2.055323,1,0
447,7,6.164415,1,0
447,7,4.10961,1,1
447,7,2.054805,1,0
455,7,6.166696,7,0
455,7,4.111131,7,1
455,7,2.055566,7,0
461,6,6.1716,2,0
461,6,4.1144,2,1
461,6,2.0572,2,0
461,7,6.16983,1,0
461,7,4.11322,1,1
461,7,2.05661,1,0
465,2,6.171709,2,0
465,2,4.114473,2,1
465,2,2.057237,2,0
465,3,6.172581,1,0
465,3,4.115054,1,1
465,3,2.057527,1,0
465,4,6.173365,1,0
465,4,4.115577,1,1
465,4,2.057789,1,0
466,5,6.174396,1,0
466,5,4.116264,1,1
466,5,2.058132,1,0
467,6,6.174661,1,0
467,6,4.116441,1,1
467,6,2.058221,1,0
468,7,6.172948,1,0
468,7,4.115299,1,1
468,7,2.05765,1,0
469,1,6.173728,1,0
469,1,4.115819,1,1
469,1,2.05791,1,0
470,2,6.174753,1,0
470,2,4.116502,1,1
470,2,2.058251,1,0
473,5,6.177498,3,0
473,5,4.118332,3,1
473,5,2.059166,3,0
474,6,6.177877,1,0
474,6,4.118585,1,1
474,6,2.059293,1,0
475,7,6.176547,1,0
475,7,4.117698,1,1
475,7,2.058849,1,0
477,1,6.177108,1,0
477,1,4.118072,1,1
477,1,2.059036,1,0
477,2,6.178773,1,0
477,2,4.119182,1,1
477,2,2.059591,1,0
478,3,6.179559,1,0
478,3,4.119706,1,1
478,3,2.059853,1,0
479,4,6.18037,1,0
479,4,4.120247,1,1
479,4,2.060124,1,0
480,5,6.181365,1,0
480,5,4.12091,1,1
480,5,2.060455,1,0
481,6,6.18178,1,0
481,6,4.121187,1,1
481,6,2.060594,1,0
482,7,6.179329,1,0
482,7,4.119553,1,1
482,7,2.059777,1,0
483,1,6.180142,1,0
483,1,4.120095,1,1
483,1,2.060048,1,0
484,2,6.181051,1,0
484,2,4.120701,1,1
484,2,2.060351,1,0
485,3,6.181761,1,0
485,3,4.121174,1,1
485,3,2.060587,1,0
486,4,6.182689,1,0
486,4,4.121793,1,1
486,4,2.060897,1,0
489,6,6.183952,2,0
489,6,4.122635,2,1
489,6,2.061318,2,0
498,2,6.185842,2,0
498,2,4.123895,2,1
498,2,2.061948,2,0
503,5,6.188683,3,0
503,5,4.125789,3,1
503,5,2.062895,3,0
503,6,6.188887,1,0
503,6,4.125925,1,1
503,6,2.062963,1,0
503,7,6.186448,1,0
503,7,4.124299,1,1
503,7,2.06215,1,0
505,1,6.187341,1,0
505,1,4.124894,1,1
505,1,2.062447,1,0
507,3,6.189342,2,0
507,3,4.126228,2,1
507,3,2.063114,2,0
508,4,6.190003,1,0
508,4,4.126669,1,1
508,4,2.063335,1,0
509,5,6.190893,1,0
509,5,4.127262,1,1
509,5,2.063631,1,0
510,6,6.191265,1,0
510,6,4.12751,1,1
510,6,2.063755,1,0
511,7,6.189424,1,0
511,7,4.126283,1,1
511,7,2.063142,1,0
512,1,6.190791,1,0
512,1,4.127194,1,1
512,1,2.063597,1,0
513,2,6.191568,1,0
513,2,4.127712,1,1
513,2,2.063856,1,0
515,4,6.193111,2,0
515,4,4.128741,2,1
515,4,2.064371,2,0
516,5,6.193966,1,0
516,5,4.129311,1,1
516,5,2.064656,1,0
517,6,6.194269,1,0
517,6,4.129513,1,1
517,6,2.064757,1,0
518,7,6.19242,1,0
518,7,4.12828,1,1
518,7,2.06414,1,0
519,1,6.193213,1,0
519,1,4.128809,1,1
519,1,2.064405,1,0
520,2,6.194185,1,0
520,2,4.129457,1,1
520,2,2.064729,1,0
521,3,6.195069,1,0
521,3,4.130046,1,1
521,3,2.065023,1,0
526,4,6.195661,1,0
526,4,4.130441,1,1
526,4,2.065221,1,0
526,5,6.196389,1,0
526,5,4.130926,1,1
526,5,2.065463,1,0
526,6,6.196654,1,0
526,6,4.131103,1,1
526,6,2.065552,1,0
526,7,6.194425,1,0
526,7,4.129617,1,1
526,7,2.064809,1,0
526,1,6.195058,1,0
526,1,4.130039,1,1
526,1,2.06502,1,0
527,2,6.196075,1,0
527,2,4.130717,1,1
527,2,2.065359,1,0
528,3,6.196998,1,0
528,3,4.131332,1,1
528,3,2.065666,1,0
529,4,6.198052,1,0
529,4,4.132035,1,1
529,4,2.066018,1,0
530,5,6.198714,1,0
530,5,4.132476,1,1
530,5,2.066238,1,0
531,6,6.199,1,0
531,6,4.132667,1,1
531,6,2.066334,1,0
532,7,6.198336,1,0
532,7,4.132224,1,1
532,7,2.066112,1,0
533,1,6.197971,1,0
533,1,4.131981,1,1
533,1,2.065991,1,0
534,2,6.198934,1,0
534,2,4.132623,1,1
534,2,2.066312,1,0
535,3,6.200064,1,0
535,3,4.133376,1,1
535,3,2.066688,1,0
536,4,6.200745,1,0
536,4,4.13383,1,1
536,4,2.066915,1,0
537,5,6.201022,1,0
537,5,4.134015,1,1
537,5,2.067008,1,0
538,6,6.20122,1,0
538,6,4.134147,1,1
538,6,2.067074,1,0
544,5,6.204348,6,0
544,5,4.136232,6,1
544,5,2.068116,6,0
545,6,6.204609,1,0
545,6,4.136406,1,1
545,6,2.068203,1,0
546,7,6.20082,1,0
546,7,4.13388,1,1
546,7,2.06694,1,0
547,1,6.201915,1,0
547,1,4.13461,1,1
547,1,2.067305,1,0
548,2,6.202876,1,0
548,2,4.135251,1,1
548,2,2.067626,1,0
549,3,6.203689,1,0
549,3,4.135793,1,1
549,3,2.067897,1,0
550,4,6.204684,1,0
550,4,4.136456,1,1
550,4,2.068228,1,0
551,5,6.205465,1,0
551,5,4.136977,1,1
551,5,2.068489,1,0
552,6,6.205746,1,0
552,6,4.137164,1,1
552,6,2.068582,1,0
553,7,6.203671,1,0
553,7,4.135781,1,1
553,7,2.067891,1,0
554,1,6.204592,1,0
554,1,4.136395,1,1
554,1,2.068198,1,0
555,2,6.205426,1,0
555,2,4.136951,1,1
555,2,2.068476,1,0
556,3,6.206275,1,0
556,3,4.137517,1,1
556,3,2.068759,1,0
557,4,6.207385,1,0
557,4,4.138257,1,1
557,4,2.069129,1,0
558,5,6.20812,1,0
558,5,4.138747,1,1
558,5,2.069374,1,0
559,6,6.208546,1,0
559,6,4.139031,1,1
559,6,2.069516,1,0
560,7,6.207525,1,0
560,7,4.13835,1,1
560,7,2.069175,1,0
562,2,6.208788,2,0
562,2,4.139192,2,1
562,2,2.069596,2,0
563,3,6.209853,1,0
563,3,4.139902,1,1
563,3,2.069951,1,0
564,4,6.210838,1,0
564,4,4.140559,1,1
564,4,2.07028,1,0
565,5,6.211458,1,0
565,5,4.140972,1,1
565,5,2.070486,1,0
566,6,6.211885,1,0
566,6,4.141257,1,1
566,6,2.070629,1,0
567,7,6.210009,1,0
567,7,4.140006,1,1
567,7,2.070003,1,0
568,1,6.210429,1,0
568,1,4.140286,1,1
568,1,2.070143,1,0
569,2,6.211195,1,0
569,2,4.140797,1,1
569,2,2.070399,1,0
570,3,6.212439,1,0
570,3,4.141626,1,1
570,3,2.070813,1,0
571,4,6.213282,1,0
571,4,4.142188,1,1
571,4,2.071094,1,0
572,5,6.214305,1,0
572,5,4.14287,1,1
572,5,2.071435,1,0
573,6,6.214663,1,0
573,6,4.143109,1,1
573,6,2.071555,1,0
574,7,6.212401,1,0
574,7,4.141601,1,1
574,7,2.070801,1,0
575,1,6.212007,1,0
575,1,4.141338,1,1
575,1,2.070669,1,0
576,2,6.212782,1,0
576,2,4.141855,1,1
576,2,2.070928,1,0
577,3,6.21382,1,0
577,3,4.142547,1,1
577,3,2.071274,1,0
578,4,6.21453,1,0
578,4,4.14302,1,1
578,4,2.07151,1,0
579,5,6.215602,1,0
579,5,4.143735,1,1
579,5,2.071868,1,0
580,6,6.21598,1,0
580,6,4.143987,1,1
580,6,2.071994,1,0
581,7,6.214054,1,0
581,7,4.142703,1,1
581,7,2.071352,1,0
582,1,6.214558,1,0
582,1,4.143039,1,1
582,1,2.07152,1,0
583,2,6.215488,1,0
583,2,4.143659,1,1
583,2,2.07183,1,0
584,3,6.216427,1,0
584,3,4.144285,1,1
584,3,2.072143,1,0
585,4,6.217881,1,0
585,4,4.145254,1,1
585,4,2.072627,1,0
586,5,6.218854,1,0
586,5,4.145903,1,1
586,5,2.072952,1,0
587,6,6.219204,1,0
587,6,4.146136,1,1
587,6,2.073068,1,0
588,7,6.217023,1,0
588,7,4.144682,1,1
588,7,2.072341,1,0
589,1,6.217741,1,0
589,1,4.145161,1,1
589,1,2.072581,1,0
590,2,6.219025,1,0
590,2,4.146017,1,1
590,2,2.073009,1,0
591,3,6.219903,1,0
591,3,4.146602,1,1
591,3,2.073301,1,0
592,4,6.220735,1,0
592,4,4.147157,1,1
592,4,2.073579,1,0
593,5,6.221577,1,0
593,5,4.147718,1,1
593,5,2.073859,1,0
594,6,6.221751,1,0
594,6,4.147834,1,1
594,6,2.073917,1,0
595,7,6.221104,1,0
595,7,4.147403,1,1
595,7,2.073702,1,0
596,1,6.220929,1,0
596,1,4.147286,1,1
596,1,2.073643,1,0
597,2,6.222156,1,0
597,2,4.148104,1,1
597,2,2.074052,1,0
598,3,6.223128,1,0
598,3,4.148752,1,1
598,3,2.074376,1,0
599,4,6.223752,1,0
599,4,4.149168,1,1
599,4,2.074584,1,0
600,5,6.224632,1,0
600,5,4.149755,1,1
600,5,2.074878,1,0
601,6,6.224934,1,0
601,6,4.149956,1,1
601,6,2.074978,1,0
602,7,6.222039,1,0
602,7,4.148026,1,1
602,7,2.074013,1,0
603,1,6.223744,1,0
603,1,4.149163,1,1
603,1,2.074582,1,0
604,2,6.224544,1,0
604,2,4.149696,1,1
604,2,2.074848,1,0
605,3,6.225568,1,0
605,3,4.150379,1,1
605,3,2.07519,1,0
606,4,6.226488,1,0
606,4,4.150992,1,1
606,4,2.075496,1,0
607,5,6.227146,1,0
607,5,4.151431,1,1
607,5,2.075716,1,0
608,6,6.22743,1,0
608,6,4.15162,1,1
608,6,2.07581,1,0
609,7,6.225858,1,0
609,7,4.150572,1,1
609,7,2.075286,1,0
610,1,6.226597,1,0
610,1,4.151065,1,1
610,1,2.075533,1,0
611,2,6.227461,1,0
611,2,4.151641,1,1
611,2,2.075821,1,0
612,3,6.228279,1,0
612,3,4.152186,1,1
612,3,2.076093,1,0
613,4,6.229467,1,0
613,4,4.152978,1,1
613,4,2.076489,1,0
614,5,6.23019,1,0
614,5,4.15346,1,1
614,5,2.07673,1,0
615,6,6.230487,1,0
615,6,4.153658,1,1
615,6,2.076829,1,0
616,7,6.228472,1,0
616,7,4.152315,1,1
616,7,2.076158,1,0
617,1,6.229234,1,0
617,1,4.152823,1,1
617,1,2.076412,1,0
618,2,6.230176,1,0
618,2,4.153451,1,1
618,2,2.076726,1,0
619,3,6.23101,1,0
619,3,4.154007,1,1
619,3,2.077004,1,0
620,4,6.231637,1,0
620,4,4.154425,1,1
620,4,2.077213,1,0
621,5,6.232452,1,0
621,5,4.154968,1,1
621,5,2.077484,1,0
622,6,6.23272,1,0
622,6,4.155147,1,1
622,6,2.077574,1,0
623,7,6.231046,1,0
623,7,4.154031,1,1
623,7,2.077016,1,0
624,1,6.231439,1,0
624,1,4.154293,1,1
624,1,2.077147,1,0
625,2,6.232111,1,0
625,2,4.154741,1,1
625,2,2.077371,1,0
626,3,6.233316,1,0
626,3,4.155544,1,1
626,3,2.077772,1,0
627,4,6.233943,1,0
627,4,4.155962,1,1
627,4,2.077981,1,0
628,5,6.234408,1,0
628,5,4.156272,1,1
628,5,2.078136,1,0
629,6,6.234631,1,0
629,6,4.156421,1,1
629,6,2.078211,1,0
630,7,6.231517,1,0
630,7,4.154345,1,1
630,7,2.077173,1,0
631,1,6.232155,1,0
631,1,4.15477,1,1
631,1,2.077385,1,0
632,2,6.233286,1,0
632,2,4.155524,1,1
632,2,2.077762,1,0
633,3,6.234049,1,0
633,3,4.156033,1,1
633,3,2.078017,1,0
634,4,6.235347,1,0
634,4,4.156898,1,1
634,4,2.078449,1,0
635,5,6.236119,1,0
635,5,4.157413,1,1
635,5,2.078707,1,0
636,6,6.236584,1,0
636,6,4.157723,1,1
636,6,2.078862,1,0
638,1,6.230118,1,0
638,1,4.153412,1,1
638,1,2.076706,1,0
639,2,6.231049,1,0
639,2,4.154033,1,1
639,2,2.077017,1,0
640,3,6.231712,1,0
640,3,4.154475,1,1
640,3,2.077238,1,0
641,4,6.232848,1,0
641,4,4.155232,1,1
641,4,2.077616,1,0
642,5,6.233349,1,0
642,5,4.155566,1,1
642,5,2.077783,1,0
643,6,6.23355,1,0
643,6,4.1557,1,1
643,6,2.07785,1,0
644,7,6.23263,1,0
644,7,4.155087,1,1
644,7,2.077544,1,0
645,1,6.231846,1,0
645,1,4.154564,1,1
645,1,2.077282,1,0
646,2,6.23251,1,0
646,2,4.155007,1,1
646,2,2.077504,1,0
647,3,6.233563,1,0
647,3,4.155709,1,1
647,3,2.077855,1,0
648,4,6.234705,1,0
648,4,4.15647,1,1
648,4,2.078235,1,0
649,5,6.235531,1,0
649,5,4.157021,1,1
649,5,2.078511,1,0
650,6,6.235995,1,0
650,6,4.15733,1,1
650,6,2.078665,1,0
651,7,6.233706,1,0
651,7,4.155804,1,1
651,7,2.077902,1,0
652,1,6.233964,1,0
652,1,4.155976,1,1
652,1,2.077988,1,0
653,2,6.234918,1,0
653,2,4.156612,1,1
653,2,2.078306,1,0
654,3,6.23556,1,0
654,3,4.15704,1,1
654,3,2.07852,1,0
655,4,6.236233,1,0
655,4,4.157489,1,1
655,4,2.078745,1,0
656,5,6.237064,1,0
656,5,4.158043,1,1
656,5,2.079022,1,0
657,6,6.237301,1,0
657,6,4.158201,1,1
657,6,2.079101,1,0
658,7,6.236085,1,0
658,7,4.15739,1,1
658,7,2.078695,1,0
659,1,6.236889,1,0
659,1,4.157926,1,1
659,1,2.078963,1,0
660,2,6.237747,1,0
660,2,4.158498,1,1
660,2,2.079249,1,0
661,3,6.239089,1,0
661,3,4.159393,1,1
661,3,2.079697,1,0
662,4,6.240036,1,0
662,4,4.160024,1,1
662,4,2.080012,1,0
663,5,6.241113,1,0
663,5,4.160742,1,1
663,5,2.080371,1,0
664,6,6.241408,1,0
664,6,4.160939,1,1
664,6,2.08047,1,0
665,7,6.239067,1,0
665,7,4.159378,1,1
665,7,2.079689,1,0
666,1,6.240154,1,0
666,1,4.160103,1,1
666,1,2.080052,1,0
667,2,6.24093,1,0
667,2,4.16062,1,1
667,2,2.08031,1,0
668,3,6.241596,1,0
668,3,4.161064,1,1
668,3,2.080532,1,0
669,4,6.242233,1,0
669,4,4.161489,1,1
669,4,2.080745,1,0
670,5,6.242788,1,0
670,5,4.161859,1,1
670,5,2.08093,1,0
671,6,6.243057,1,0
671,6,4.162038,1,1
671,6,2.081019,1,0
672,7,6.240615,1,0
672,7,4.16041,1,1
672,7,2.080205,1,0
673,1,6.241411,1,0
673,1,4.160941,1,1
673,1,2.080471,1,0
674,2,6.242506,1,0
674,2,4.161671,1,1
674,2,2.080836,1,0
675,3,6.24345,1,0
675,3,4.1623,1,1
675,3,2.08115,1,0
676,4,6.244161,1,0
676,4,4.162774,1,1
676,4,2.081387,1,0
677,5,6.244749,1,0
677,5,4.163166,1,1
677,5,2.081583,1,0
678,6,6.245017,1,0
678,6,4.163345,1,1
678,6,2.081673,1,0
679,7,6.242638,1,0
679,7,4.161759,1,1
679,7,2.08088,1,0
680,1,6.243282,1,0
680,1,4.162188,1,1
680,1,2.081094,1,0
681,2,6.244014,1,0
681,2,4.162676,1,1
681,2,2.081338,1,0
682,3,6.244777,1,0
682,3,4.163185,1,1
682,3,2.081593,1,0
683,4,6.245421,1,0
683,4,4.163614,1,1
683,4,2.081807,1,0
684,5,6.246156,1,0
684,5,4.164104,1,1
684,5,2.082052,1,0
686,7,6.245679,2,0
686,7,4.163786,2,1
686,7,2.081893,2,0
687,1,6.245541,1,0
687,1,4.163694,1,1
687,1,2.081847,1,0
688,2,6.246688,1,0
688,2,4.164459,1,1
688,2,2.08223,1,0
689,3,6.24762,1,0
689,3,4.16508,1,1
689,3,2.08254,1,0
690,4,6.248725,1,0
690,4,4.165817,1,1
690,4,2.082909,1,0
691,5,6.249424,1,0
691,5,4.166283,1,1
691,5,2.083142,1,0
692,6,6.249777,1,0
692,6,4.166518,1,1
692,6,2.083259,1,0
693,7,6.248923,1,0
693,7,4.165949,1,1
693,7,2.082975,1,0
694,1,6.248205,1,0
694,1,4.16547,1,1
694,1,2.082735,1,0
695,2,6.249378,1,0
695,2,4.166252,1,1
695,2,2.083126,1,0
696,3,6.249993,1,0
696,3,4.166662,1,1
696,3,2.083331,1,0
697,4,6.251085,1,0
697,4,4.16739,1,1
697,4,2.083695,1,0
698,5,6.251755,1,0
698,5,4.167837,1,1
698,5,2.083919,1,0
699,6,6.252033,1,0
699,6,4.168022,1,1
699,6,2.084011,1,0
700,7,6.249843,1,0
700,7,4.166562,1,1
700,7,2.083281,1,0
701,1,6.250918,1,0
701,1,4.167279,1,1
701,1,2.08364,1,0
702,2,6.251616,1,0
702,2,4.167744,1,1
702,2,2.083872,1,0
703,3,6.252277,1,0
703,3,4.168185,1,1
703,3,2.084093,1,0
704,4,6.252988,1,0
704,4,4.168659,1,1
704,4,2.08433,1,0
705,5,6.253755,1,0
705,5,4.16917,1,1
705,5,2.084585,1,0
706,6,6.253972,1,0
706,6,4.169315,1,1
706,6,2.084658,1,0
707,7,6.251719,1,0
707,7,4.167813,1,1
707,7,2.083907,1,0
708,1,6.252222,1,0
708,1,4.168148,1,1
708,1,2.084074,1,0
709,2,6.252934,1,0
709,2,4.168623,1,1
709,2,2.084312,1,0
710,3,6.25371,1,0
710,3,4.16914,1,1
710,3,2.08457,1,0
711,4,6.25446,1,0
711,4,4.16964,1,1
711,4,2.08482,1,0
712,5,6.255118,1,0
712,5,4.170079,1,1
712,5,2.08504,1,0
713,6,6.255495,1,0
713,6,4.17033,1,1
713,6,2.085165,1,0
714,7,6.254128,1,0
714,7,4.169419,1,1
714,7,2.08471,1,0
715,1,6.254491,1,0
715,1,4.169661,1,1
715,1,2.084831,1,0
716,2,6.254962,1,0
716,2,4.169975,1,1
716,2,2.084988,1,0
717,3,6.255669,1,0
717,3,4.170446,1,1
717,3,2.085223,1,0
718,4,6.256221,1,0
718,4,4.170814,1,1
718,4,2.085407,1,0
719,5,6.256824,1,0
719,5,4.171216,1,1
719,5,2.085608,1,0
720,6,6.257074,1,0
720,6,4.171383,1,1
720,6,2.085692,1,0
721,7,6.255675,1,0
721,7,4.17045,1,1
721,7,2.085225,1,0
722,1,6.256104,1,0
722,1,4.170736,1,1
722,1,2.085368,1,0
723,2,6.256873,1,0
723,2,4.171249,1,1
723,2,2.085625,1,0
724,3,6.257731,1,0
724,3,4.171821,1,1
724,3,2.085911,1,0
725,4,6.258726,1,0
725,4,4.172484,1,1
725,4,2.086242,1,0
726,5,6.259323,1,0
726,5,4.172882,1,1
726,5,2.086441,1,0
727,6,6.25975,1,0
727,6,4.173167,1,1
727,6,2.086584,1,0
728,7,6.257833,1,0
728,7,4.171889,1,1
728,7,2.085945,1,0
729,1,6.258424,1,0
729,1,4.172283,1,1
729,1,2.086142,1,0
730,2,6.259242,1,0
730,2,4.172828,1,1
730,2,2.086414,1,0
731,3,6.260086,1,0
731,3,4.173391,1,1
731,3,2.086696,1,0
732,4,6.26109,1,0
732,4,4.17406,1,1
732,4,2.08703,1,0
733,5,6.261856,1,0
733,5,4.174571,1,1
733,5,2.087286,1,0
734,6,6.262042,1,0
734,6,4.174695,1,1
734,6,2.087348,1,0
735,7,6.260581,1,0
735,7,4.173721,1,1
735,7,2.086861,1,0
736,1,6.260946,1,0
736,1,4.173964,1,1
736,1,2.086982,1,0
737,2,6.261651,1,0
737,2,4.174434,1,1
737,2,2.087217,1,0
738,3,6.262318,1,0
738,3,4.174879,1,1
738,3,2.08744,1,0
739,4,6.263058,1,0
739,4,4.175372,1,1
739,4,2.087686,1,0
740,5,6.264018,1,0
740,5,4.176012,1,1
740,5,2.088006,1,0
741,6,6.264304,1,0
741,6,4.176203,1,1
741,6,2.088102,1,0
742,7,6.263043,1,0
742,7,4.175362,1,1
742,7,2.087681,1,0
743,1,6.26238,1,0
743,1,4.17492,1,1
743,1,2.08746,1,0
744,2,6.263038,1,0
744,2,4.175359,1,1
744,2,2.08768,1,0
745,3,6.263542,1,0
745,3,4.175695,1,1
745,3,2.087848,1,0
746,4,6.264138,1,0
746,4,4.176092,1,1
746,4,2.088046,1,0
747,5,6.264778,1,0
747,5,4.176519,1,1
747,5,2.08826,1,0
748,6,6.265216,1,0
748,6,4.176811,1,1
748,6,2.088406,1,0
749,7,6.26353,1,0
749,7,4.175687,1,1
749,7,2.087844,1,0
750,1,6.26232,1,0
750,1,4.17488,1,1
750,1,2.08744,1,0
751,2,6.263143,1,0
751,2,4.175429,1,1
751,2,2.087715,1,0
752,3,6.264009,1,0
752,3,4.176006,1,1
752,3,2.088003,1,0
753,4,6.264849,1,0
753,4,4.176566,1,1
753,4,2.088283,1,0
754,5,6.265441,1,0
754,5,4.176961,1,1
754,5,2.088481,1,0
755,6,6.265599,1,0
755,6,4.177066,1,1
755,6,2.088533,1,0
756,7,6.263332,1,0
756,7,4.175555,1,1
756,7,2.087778,1,0
757,1,6.263992,1,0
757,1,4.175995,1,1
757,1,2.087998,1,0
758,2,6.264879,1,0
758,2,4.176586,1,1
758,2,2.088293,1,0
759,3,6.265548,1,0
759,3,4.177032,1,1
759,3,2.088516,1,0
760,4,6.266139,1,0
760,4,4.177426,1,1
760,4,2.088713,1,0
761,5,6.266794,1,0
761,5,4.177863,1,1
761,5,2.088932,1,0
762,6,6.267033,1,0
762,6,4.178022,1,1
762,6,2.089011,1,0
763,7,6.264631,1,0
763,7,4.176421,1,1
763,7,2.088211,1,0
764,1,6.265242,1,0
764,1,4.176828,1,1
764,1,2.088414,1,0
765,2,6.265957,1,0
765,2,4.177305,1,1
765,2,2.088653,1,0
766,3,6.26674,1,0
766,3,4.177827,1,1
766,3,2.088914,1,0
767,4,6.26737,1,0
767,4,4.178247,1,1
767,4,2.089124,1,0
768,5,6.267942,1,0
768,5,4.178628,1,1
768,5,2.089314,1,0
769,6,6.268168,1,0
769,6,4.178779,1,1
769,6,2.08939,1,0
770,7,6.267691,1,0
770,7,4.178461,1,1
770,7,2.089231,1,0
771,1,6.267273,1,0
771,1,4.178182,1,1
771,1,2.089091,1,0
772,2,6.268086,1,0
772,2,4.178724,1,1
772,2,2.089362,1,0
773,3,6.268872,1,0
773,3,4.179248,1,1
773,3,2.089624,1,0
774,4,6.269683,1,0
774,4,4.179789,1,1
774,4,2.089895,1,0
775,5,6.270273,1,0
775,5,4.180182,1,1
775,5,2.090091,1,0
776,6,6.27048,1,0
776,6,4.18032,1,1
776,6,2.09016,1,0
777,7,6.269692,1,0
777,7,4.179795,1,1
777,7,2.089898,1,0
778,1,6.268825,1,0
778,1,4.179217,1,1
778,1,2.089609,1,0
779,2,6.269598,1,0
779,2,4.179732,1,1
779,2,2.089866,1,0
780,3,6.270223,1,0
780,3,4.180149,1,1
780,3,2.090075,1,0
781,4,6.270913,1,0
781,4,4.180609,1,1
781,4,2.090305,1,0
815,3,6.2797,1,0
815,3,4.186467,1,1
815,3,2.093234,1,0
816,4,6.280249,1,0
816,4,4.186833,1,1
816,4,2.093417,1,0
817,5,6.281073,1,0
817,5,4.187382,1,1
817,5,2.093691,1,0
818,6,6.281577,1,0
818,6,4.187718,1,1
818,6,2.093859,1,0
819,7,6.279762,1,0
819,7,4.186508,1,1
819,7,2.093254,1,0
820,1,6.279688,1,0
820,1,4.186459,1,1
820,1,2.09323,1,0
821,2,6.28035,1,0
821,2,4.1869,1,1
821,2,2.09345,1,0
822,3,6.281017,1,0
822,3,4.187345,1,1
822,3,2.093673,1,0
823,4,6.281766,1,0
823,4,4.187844,1,1
823,4,2.093922,1,0
824,5,6.282363,1,0
824,5,4.188242,1,1
824,5,2.094121,1,0
825,6,6.282537,1,0
825,6,4.188358,1,1
825,6,2.094179,1,0
826,7,6.280735,1,0
826,7,4.187157,1,1
826,7,2.093579,1,0
827,1,6.281122,1,0
827,1,4.187415,1,1
827,1,2.093708,1,0
828,2,6.28186,1,0
828,2,4.187907,1,1
828,2,2.093954,1,0
829,3,6.282523,1,0
829,3,4.188349,1,1
829,3,2.094175,1,0
830,4,6.283131,1,0
830,4,4.188754,1,1
830,4,2.094377,1,0
831,5,6.283653,1,0
831,5,4.189102,1,1
831,5,2.094551,1,0
832,6,6.283936,1,0
832,6,4.189291,1,1
832,6,2.094646,1,0
833,7,6.281938,1,0
833,7,4.187959,1,1
833,7,2.09398,1,0
834,1,6.282849,1,0
834,1,4.188566,1,1
834,1,2.094283,1,0
835,2,6.283603,1,0
835,2,4.189069,1,1
835,2,2.094535,1,0
836,3,6.284413,1,0
836,3,4.189609,1,1
836,3,2.094805,1,0
837,4,6.285013,1,0
837,4,4.190009,1,1
837,4,2.095005,1,0
838,5,6.285444,1,0
838,5,4.190296,1,1
838,5,2.095148,1,0
839,6,6.285816,1,0
839,6,4.190544,1,1
839,6,2.095272,1,0
840,7,6.283728,1,0
840,7,4.189152,1,1
840,7,2.094576,1,0
841,1,6.284589,1,0
841,1,4.189726,1,1
841,1,2.094863,1,0